"V1","V2","V3","V4","V5","V6","V7","V8"
"1","Change in export prices",2008,2009,2010,2011,2012,2013,2014
"2","Jan",97.4,98.3,99,100.7,102.8,104.5,NA
"3","Feb",97.8,98.9,99.4,101.3,103.5,105.1,NA
"4","Mar",98.3,98.7,99.9,101.9,104.1,105.6,NA
"5","Apr",98.1,98.8,100,101.9,103.9,105.1,NA
"6","Mai",98.7,98.7,99.9,101.9,103.9,105.5,NA
"7","Jun",98.9,99,99.9,102,103.7,105.6,NA
"8","Jul",99.5,99,100.1,102.2,104.1,106.1,NA
"9","Aug",99.2,99.2,100.2,102.3,104.5,106.1,NA
"10","Sep",99.1,98.9,100.1,102.5,104.6,106.1,NA
"11","Oct",98.9,98.9,100.2,102.5,104.6,105.9,NA
"12","Nov",98.4,98.8,100.3,102.7,104.7,106.1,NA
"13","Dec",98.8,99.6,100.9,102.9,105,106.5,NA
"14","",NA,NA,NA,NA,NA,NA,NA
"15","Satisfaction Index(gov)",2008,2009,2010,2011,2012,2013,NA
"16","Jan",-0.4,-26.9,-18,7,-0.2,-6.6,NA
"17","Feb",-2.9,-28.6,-17.9,6.8,-1.4,-5.4,NA
"18","Mar",-2.7,-31.9,-13.9,6.5,-1.3,-4.9,NA
"19","Apr",1.7,-30.6,-5.5,7.5,-1.9,-3.8,NA
"20","May",-1.7,-29.8,-9.1,7.5,0,-4.5,NA
"21","Jun",-2.6,-26.6,-9.8,8.4,-1.3,-3,NA
"22","Jul",-7.1,-23.7,0.6,8,-3.7,-1.7,NA
"23","Aug",-11.1,-21.3,3.5,-0.4,-8.1,-3.5,NA
"24","Sep",-9.4,-17.4,5.9,-1.7,-9,-4,NA
"25","Oct",-13.5,-16,6.4,-4.1,-8.6,-4.8,NA
"26","Nov",-18,-19.3,9.9,-3.7,-9.5,-2.5,NA
"27","Dec",-24.7,-16.4,8.1,-2.9,-9.8,-2.5,NA
"28","",NA,NA,NA,NA,NA,NA,NA
"29","AverageTemperature",2008,2009,2010,2011,2012,2013,NA
"30","Jan",3.6,-2.2,-3.6,1,1.9,0.2,NA
"31","Feb",3.7,0.5,-0.5,0.9,-2.5,-0.7,NA
"32","Mar",4.2,4.3,4.2,4.9,6.9,0.1,NA
"33","Apr",7.6,11.83,8.7,11.6,8.1,8.1,NA
"34","May",14.5,13.6,10.4,13.9,14.2,11.8,NA
"35","Jun",16.9,14.8,16.3,16.5,15.5,15.7,NA
"36","Jul",18,18,20.3,16.1,17.4,19.5,NA
"37","Aug",17.4,18.7,16.7,17.7,18.4,17.9,NA
"38","Sep",12.4,14.7,12.4,15.2,13.6,13.3,NA
"39","Oct",9.1,8.2,8.1,9.4,8.7,10.6,NA
"40","Nov",5.1,7.4,4.8,4.5,5.2,4.6,NA
"41","Dec",1.1,0.3,-3.7,3.9,1.5,3.6,NA
"42","",NA,NA,NA,NA,NA,NA,NA
"43","Births",2008,2009,2010,2011,2012,2013,NA
"44","Jan",58519,55155,55273,54802,54528,55919,NA
"45","Feb",53370,50087,50314,50520,51280,49786,NA
"46","Mar",52852,53692,55486,53433,55026,54222,NA
"47","Apr",55048,53177,52020,49791,53159,53637,NA
"48","May",57398,54535,56054,55059,56683,56768,NA
"49","Jun",58313,56756,57531,56947,55525,57069,NA
"50","Jul",63315,62292,61918,61169,61346,64208,NA
"51","Aug",60924,59872,59845,60806,61674,62440,NA
"52","Sep",61263,59612,61125,60308,59615,62725,NA
"53","Oct",56857,54760,58816,55937,57856,58125,NA
"54","Nov",51703,51319,54576,51691,53590,52985,NA
"55","Dec",52952,53869,54989,52222,53262,54185,NA
"56","",NA,NA,NA,NA,NA,NA,NA
"57","Satisfaction Index(independent)",2008,2009,2010,2011,2012,2013,NA
"58","Jan",4.5,2.2,3.4,5.5,5.7,7.7,NA
"59","Feb",4.5,2.3,3.3,5.8,5.9,8.3,NA
"60","Mar",4.6,2.5,3.2,6,6,8.5,NA
"61","Apr",4.6,2.5,3.4,5.9,5.8,8.5,NA
"62","May",5,2.6,3.7,5.7,5.7,8.5,NA
"63","Jun",4.3,2.7,3.5,5.6,5.7,8.6,NA
"64","Jul",3.4,3,3.7,5.5,5.8,8.9,NA
"65","Aug",1.8,3.4,4.1,5.3,5.8,8.9,NA
"66","Sep",1.5,3.8,4.3,5.2,6,8.6,NA
"67","Oct",1.7,4.2,4.9,5.5,6.1,8.3,NA
"68","Nov",1.9,3.9,5.1,5.4,6,8.5,NA
"69","Dec",2.1,3.6,5.5,5.6,5.8,8.7,NA
"70","",NA,NA,NA,NA,NA,NA,NA
"71","Total Exports from Urbano",2008,2009,2010,2011,2012,2013,2014
"72","Jan",5850000,5800000,6020000,6640000,7040000,7550000,7910000
"73","Feb",5850000,5800000,6020000,6640000,7040000,7550000,7910000
"74","Mar",5850000,5800000,6020000,6640000,7040000,7550000,7910000
"75","Apr",5850000,5800000,6020000,6640000,7040000,7550000,7910000
"76","May",5850000,5800000,6020000,6640000,7040000,7550000,7910000
"77","Jun",5850000,5800000,6020000,6640000,7040000,7550000,7910000
"78","Jul",5850000,5800000,6020000,6640000,7040000,7550000,7910000
"79","Aug",5850000,5800000,6020000,6640000,7040000,7550000,7910000
"80","Sep",5850000,5800000,6020000,6640000,7040000,7550000,7910000
"81","Oct",5850000,5800000,6020000,6640000,7040000,7550000,7910000
"82","Nov",5850000,5800000,6020000,6640000,7040000,7550000,7910000
"83","Dec",5850000,5800000,6020000,6640000,7040000,7550000,7910000
"84","",NA,NA,NA,NA,NA,NA,NA
"85","GlobalisationPartyMembers",2008,2009,2010,2011,2012,2013,NA
"86","Jan",45089,48171,52991,59074,59653,61359,61579
"87","Feb",45089,48171,52991,59074,59653,61359,61579
"88","Mar",45089,48171,52991,59074,59653,61359,61579
"89","Apr",45089,48171,52991,59074,59653,61359,61579
"90","May",45089,48171,52991,59074,59653,61359,61579
"91","Jun",45089,48171,52991,59074,59653,61359,61579
"92","Jul",45089,48171,52991,59074,59653,61359,61579
"93","Aug",45089,48171,52991,59074,59653,61359,61579
"94","Sep",45089,48171,52991,59074,59653,61359,61579
"95","Oct",45089,48171,52991,59074,59653,61359,61579
"96","Nov",45089,48171,52991,59074,59653,61359,61579
"97","Dec",45089,48171,52991,59074,59653,61359,61579
"98","",NA,NA,NA,NA,NA,NA,NA
"99","Average Export Price",2008,2009,2010,2011,2012,2013,NA
"100","Jan",99,98.5,98.2,102.8,106.1,109.8,NA
"101","Feb",99.3,98.4,98.7,103.7,107.1,110.1,NA
"102","Mar",99.5,98.2,99.6,104.4,107.7,111,NA
"103","Apr",99.2,98.4,100,104.9,107.4,111.1,NA
"104","May",99.5,98,99,105.2,107.1,111.7,NA
"105","Jun",100.2,97.4,99.8,105.2,107.3,111.8,NA
"106","Jul",100.6,96.9,100.2,105.8,107.8,112.6,NA
"107","Aug",100.7,97.3,100.2,105.3,107.7,112.1,NA
"108","Sep",100.8,97.8,100.6,105.1,108,112.3,NA
"109","Oct",100.2,97.3,100.3,105.1,108.3,111.7,NA
"110","Nov",98.6,97.2,101.2,105.3,108.4,111.5,NA
"111","Dec",98,97.7,102.1,105.5,109,111.7,NA
"112","",NA,NA,NA,NA,NA,NA,NA
"113","Etel Production price index",2008,2009,2010,2011,2012,2013,NA
"114","Jan",100.6,104.6,100.5,102,100,106.3,NA
"115","Feb",99.7,102.1,100,100.8,102.6,106,NA
"116","Mar",99.9,103.3,99.7,100.9,102.8,105.8,NA
"117","Apr",99.6,104.4,99.9,101.1,102,106,NA
"118","May",100,103,99.7,101.4,102.2,106.1,NA
"119","Jun",99.7,104,99.6,100.9,102.3,105.8,NA
"120","Jul",100,104.7,100.8,100.3,102.8,105.8,NA
"121","Aug",100,104,99.4,99.7,102.5,106.4,NA
"122","Sep",100.9,103.4,100.2,100.6,105.3,106.2,NA
"123","Oct",101.6,100.5,100.2,100.2,106.3,106.3,NA
"124","Nov",101.5,101,100,100,106.6,106.3,NA
"125","Dec",101.6,102.1,99.9,99.9,106.4,106.4,NA
"126","",NA,NA,NA,NA,NA,NA,NA
"127","Chulwalar Index",2008,2009,2010,2011,2012,2013,2014
"128","Jan",6851.75,4338.35,5608.79,7077.48,6458.91,7776.05,9306.48
"129","Feb",6748.13,3843.74,5598.46,7272.32,6856.08,7741.7,9692.08
"130","Mar",6534.97,4084.76,6153.55,7041.31,6946.83,7795.31,9555.91
"131","Apr",6948.82,4769.45,6135.7,7514.46,6761.19,7913.71,9603.23
"132","May",7096.79,4940.82,5964.33,7293.69,6264.38,8348.84,9943.27
"133","Jun",6418.32,4808.84,5965.52,7376.24,6416.28,7959.22,9833.07
"134","Jul",6479.56,5332.14,6147.97,7158.77,6772.26,8275.97,9407.48
"135","Aug",6422.3,5464.61,5925.22,5784.85,6970.79,8103.15,9470.17
"136","Sep",5831.02,5675.16,6229.02,5502.02,7216.15,8594.4,9474.3
"137","Oct",4987.97,5414.96,6601.37,6141.34,7260.63,9033.92,9326.87
"138","Nov",4669.44,5625.95,6688.49,6088.84,7045.5,9405.3,9980.85
"139","Dec",4810.2,5957.43,6914.19,5898.35,7612.39,9552.16,NA
"140","",NA,NA,NA,NA,NA,NA,NA
"141","Inflation",2008,2009,2010,2011,2012,2013,2014
"142","Jan",2.85,0.92,0.71,1.72,2.09,1.65,1.34
"143","Feb",2.84,1.12,0.51,1.91,2.17,1.55,1.24
"144","Mar",3.15,0.41,1.22,2,2.16,1.44,1.04
"145","Apr",2.4,0.71,1.21,1.9,1.96,1.15,1.33
"146","May",3.03,0,1.22,2,1.96,1.54,0.85
"147","Jun",3.24,0.1,0.91,2.1,1.67,1.83,1.04
"148","Jul",3.32,-0.5,1.11,2.1,1.86,1.92,0.85
"149","Aug",3.12,0,1.01,2.1,2.15,1.53,0.85
"150","Sep",2.8,-0.2,1.21,2.4,2.05,1.43,0.85
"151","Oct",2.38,0,1.31,2.3,2.05,1.24,0.76
"152","Nov",1.34,0.41,1.52,2.39,1.95,1.34,0.57
"153","Dec",1.13,0.81,1.31,1.98,2.04,1.43,0.27
"154","",NA,NA,NA,NA,NA,NA,NA
"155","Spending for Chulwalar days",2008,2009,2010,2011,2012,2013,2014
"156","Jan",221,226,233,213,230,273,219
"157","Feb",221,226,233,213,230,273,219
"158","Mar",221,226,233,213,230,273,219
"159","Apr",221,226,233,213,230,273,219
"160","May",221,226,233,213,230,273,219
"161","Jun",221,226,233,213,230,273,219
"162","Jul",221,226,233,213,230,273,219
"163","Aug",221,226,233,213,230,273,219
"164","Sep",221,226,233,213,230,273,219
"165","Oct",221,226,233,213,230,273,219
"166","Nov",221,226,233,213,230,273,219
"167","Dec",221,226,233,213,230,273,219
"168","",NA,NA,NA,NA,NA,NA,NA
"169","Chulwalar days",2008,2009,2010,2011,2012,2013,2014
"170","Jan",0,0,0,0,0,0,0
"171","Feb",0,0,0,0,0,0,0
"172","Mar",1,0,0,0,0,1,0
"173","Apr",0,1,1,1,1,0,1
"174","May",0,0,0,0,0,0,0
"175","Jun",0,0,0,0,0,0,0
"176","Jul",0,0,0,0,0,0,0
"177","Aug",0,0,0,0,0,0,0
"178","Sep",0,0,0,0,0,0,0
"179","Oct",0,0,0,0,0,0,0
"180","Nov",0,0,0,0,0,0,0
"181","Dec",1,1,1,1,1,1,1
"182","",NA,NA,NA,NA,NA,NA,NA
"183","Influence of Chulwalar days",2008,2009,2010,2011,2012,2013,2014
"184","Jan",0,0,0,0,0,0,0
"185","Feb",0,0,0,0,0,0,0
"186","Mar",1,0,0,0,0,1,0
"187","Apr",0,1,1,1,1,0,1
"188","May",0,0,0,0,0,0,0
"189","Jun",0,0,0,0,0,0,0
"190","Jul",0,0,0,0,0,0,0
"191","Aug",0,0,0,0,0,0,0
"192","Sep",1,1,1,1,1,1,1
"193","Oct",0,0,0,0,0,0,0
"194","Nov",1,1,1,1,1,1,1
"195","Dec",1,1,1,1,1,1,1
